111111111111111111111111111111111111111111111111111111111111111111111111111111111111111111111111111
111001011000000011101010011100101011101001011010111001010011011110000000101111101010000110011010011
110001001100110000000000010000000001110010000100000011100010001110001010000011101000000011001001001
110000010000100000001000000010000101010000000001010000000000011000100010000001000000000000000110011
100000000000010010000101000000010001000000000000000100000100000001010010000000001000000100001000111
100010010100101000100000000100100000010000101100000000000000010000000001000000000000011001000000101
110100000100000100000000001010001000000000000000010000000000000000011100111000000100000000101000011
101000000011000011000000000100000010000000000000001001000010000000010001000000000001001000000100001
110010100000000000100000000000001000000000000000000001001000000000000000001000000010000000000000011
111000000000010000000100010000000000101000000000010000000000110000000001000010100100000000000100001
100000000111000000000000000000100010000100000000100000000000000010100000000000010000000100010000011
111100001000000000001010100000000100010001100101001000000001100000000001000000000000000010001000001
100101000001000000010001000000000100000010100000000100000011001001011000000000000001000000000100011
100000000100100010000000001000100000100000000000000000000000001000000000000000001001000000010000111
110000001000000010000000000100001001000000011000101010000100000101000000000100000000000000010000011
100000010000000100000000000100010000000000000000100100110110000000000111111000000100000001100001001
110001100000000100000000100000000000000000011011010000001000000000100000000100000000101000010000001
110100000000001000000000100001000000010000000000000000000001000000000011000000001000000000001010001
101010000000000010000000100000000010000000000000000000000010000000000000000001000000000001000000101
101110001000000000001000000000000001000111000000000000000000010000010000001000000001000000000101001
111010000010000000000101000000000010000000000000000000000000000001001100000010001000000000100000001
100000010010000000000000000101011000001000100100000000010000000000000010010010000000000000001000011
101000000000000010000000000100000000100000000000110001101000000000000000100000000100000010011010001
110000000000100000010010000010000000000000001000000010000000000000000000010000010001000000001000011
110000000100010001110000000100000000000010000100001000000011101000000000000000100011000100010110101
111000001001000000000100000100000000000000000100000000000000000110000000001000000000010000010000101
101000001000000100100000010100000001000100100000000100010000010010100001000100000000001000000011001
100000100000000000010000001000000001011000000000000000000000000001000000000010000010010000000110001
101000000010001000000000000001101010100001000000000000000000001000001000000000000000100000010010111
101000010000001000000000010000010100000000000000000000000100000000001000000010000000010001000010101
110000000000100010000010100000000100000000010110000000000010100000011000001000000000010000000000101
101001000000100000000000000001100000000000010000110000000000000000000001000000100000001000000001011
100000100100000100000000001001000000000100000000000100001000010000000000100000000000100000000000011
110100000000000001000100000001000000010010001000000001000000100100100000100000100000000100000100011
110010000001001000100000000000001000010000000000000000000101010000000010001100000000001000000000101
110010000000001000001000001000000000100000000000000000000000001000000000100000011000000001000000011
110000000101000000001000000100000000000000000011000000110010000000000001000000000010001000000001101
100010000100000000000000011000000000001001000000001000000000000001010101000100000000001000000001111
101010100001000000100000100000000000000100000000000000000000000001000000000100000000000000110000101
100000000100000000000011010010001010000000000000000010000000001000010000000001000010000000000001011
100000001100000000100000000001000000000000000100000000000000000000010000000000000000100000001101001
100010000000000100000100000000010001000000000000000000000000001000010000000000000001100001000100111
110010000000000100000000000011000100000000100000000000000000000000100100011000000001000011010010011
110101000110000000000100010000000010000000000000000000000000000000100000000100000000000000001010101
111000000000000011000011000000000100000000000000000000000000000000000010000000100000010000001000001
100000001000000100010010000000000001000000000000000000000000000010001010000100000000010000001010101
100100010000010000001010000000010000000000000000000000000000000000001000000000000000010000001000011
100101001000000000100000001000000100000000000000000000000000000000000001010000000000000000010000101
101001010000001000000010000000000100000000000000000000000000000000110000000000000000010000001000001
100100000000000000010110000000000000001000000000000000000000000000000001000100000101000001000010011
100000011000000000000101000000000100000000000000000000000000000000000011001000000010001000000100001
111000000000100010000000001000100000000000000000000000000000000000000100000001000000010001000000011
100000001000001000000000000000001001000000000000000000000000010000000100000000000001000001000101011
101000001000000000000010000000100000000000000000000000000000000000001000000001010000000000010000001
100000000001000001000001000000000100000000000000000000000000000000001000000010000000100000010000111
110000100000000000010100000000000000010000000000100000000000000100000010000000000000010000100000101
100000011100000001000001000000000000100000000000000000000000000000001000010000000000100000001000011
110001001000000000000000100001000000010000000000000000000000000000010000100100001010000000000100001
100100000010000000000101010000001000001000000000001000000000000000110000001000000001100010100000001
111000001000000000000100000001000000000100000000000010000000000000000000000001000000000001000010011
101000000000010000100000000010001010000000000000000000000000100000000100000000000000100000010000001
111000000010000000000000001000001000000000000000000000000010000001000000000000000000100010010000111
110001001010000010110000100000001000000000000000000001000000000010000000000010000000100000011000001
100000000001000000000010010000001000100001000000100010000000000001000010000000001000001000000000101
100101000000010000001000000100000000100000000000000000000101000000000000001000010000000100100100011
100000000110000000000000001000001001100100000000000000000000101110000001010000000000100000000000111
110100000000000000101000010000000000000100100010000000000000010000000010000010000010000000101000101
100000000001000010000110000010000000001000000001000100000000000000100010010001000100100000001000111
110010000001100000001000000010000000000010100000000000000010010100000100000000001001000001000010111
101010000000001000000000000001001001000010001000000010110000000010001000000000100000001000000001001
111010001000010000000000000001110000000001010000010000011000000000010000001000000000100000001101001
101000000100000100000001000000000000000010000101100000001000000000010000010000100000000001010000001
110010100000000000100000000100000100000000100000000000000000000001001000000000100000010000000010101
100000010000000010000000000000100010000000000000000100000001000000000000100000000000110010000000011
101010100010000010000000001000000010010000000000000000000100100000000000000100000000000000000100011
100010000000100001001000000000100000000000000100000000000000011000100001011100000000000100010101101
110000000101000010000000000010001000000000010010001000010001000000000000001000000110000000010010101
100110000000100000000000001000010001000010000000000001100010000000010000000000000010000000000000001
100000000000010000010000000010000100000000001000010000000000000000001000000000110000000010010000001
101100000000010000000000000000100000101000001000000000000000010100000000010000000000000000100000001
111000000010100000000100000000001000000000000000010000000000000001000100000010001000000000000000001
110000011000110000000000010000000000000010100001000000000001000000011100000000011000010000000010011
110000100000001000000001000100000000000000100010100000001000001110000001000001000001000000000001101
100000000101100000000001100000000000000101000100000001100000000011000000000000010000000000000000101
110000000000000011000000010000000000000000010000000100000000100000000000100000000000100000010100001
110000000100000000001000001001000000000100000000000000000110000000100000000000000100001000000100001
110011000000000100000000000000000000100000000000011010000000000000010000010000010001110000001010101
110000000110000001100010000000100000100000000000000000000000000000001010000000000000100000000000001
100010000100000000011000000000110100000000000000000000000100001000000000000011000000000000000010101
110000000000100000000100000000001010001000000001000000000010010100000000001000001010010100010000001
101001100000000000000001001000000001010000111000000000001000101000000010000000100000000000100001101
100000000000010100001001100000000000000000000100000000010000000000000001100110000000001000000100011
111010100000000000000100000000110010000001100010000010100001000000110100000000110000000011000000001
100100010010000000100000011000000000100000000000101101000100000010000000000000000001000000000100011
110100000000000011001100100101010010010001000000000000000010010000010100010000000000000000000001011
100000000001001000010001000010100001011000100010001000100001011000000101000000000001001000001000011
100011001100000100100000000001000000000000010101000001001000000101100000000001000010100000001010001
101100101101111011101000111000001101100100011111111100100110100110011111100110001001000000111001101
111111111111111111111111111111111111111111111111111111111111111111111111111111111111111111111111111